79 46 11 119
78 58 14 133
77 67 16 142
76 79 19 156
75 84 20 161
74 94 22 171
73 102 24 181
72 117 27 196
71 123 28 202
70 133 30 213
69 176 12 95
68 178 29 105
67 179 40 112
66 180 59 122
65 180 65 126
64 182 78 134
63 183 91 141
62 185 104 149
61 186 118 157
60 188 134 164
59 114 27 26
58 134 25 26
57 140 25 26
56 161 23 26
55 168 22 27
54 189 20 27
53 196 19 28
52 218 16 29
51 225 13 30
50 241 12 32
49 163 72 25
48 176 81 26
47 180 84 27
46 194 93 29
45 198 96 30
44 207 103 31
43 216 109 32
42 225 115 34
41 234 121 36
40 244 129 37
39 187 170 38
38 200 187 42
37 200 187 42
36 214 205 46
35 224 218 49
34 237 236 53
33 241 243 55
32 246 249 56
31 193 217 47
30 166 199 42
29 92 146 28
28 50 113 21
27 20 83 17
26 22 89 19
25 30 114 33
24 32 120 37
23 37 134 45
22 44 155 58
21 47 162 62
20 57 159 93
19 78 140 157
18 70 123 144
17 66 115 138
16 55 94 119
15 52 88 114
14 46 76 103
13 40 65 92
12 35 55 82
11 29 45 71
10 23 33 58
9 25 37 63
8 23 33 58
7 22 30 49
6 22 29 44
5 22 27 38
4 20 25 32
3 18 21 26
2 15 17 20
1 9 10 10
0 3 3 3
